,Corriente,tiempo
0,0.0,0.0
1,0.014532513754278331,0.10101010101010101
2,0.028853833552538455,0.20202020202020202
3,0.04296702857385082,0.30303030303030304
4,0.05687512339439926,0.40404040404040403
5,0.07058109863567219,0.5050505050505051
6,0.0840878916032356,0.6060606060606061
7,0.09739839691622165,0.7070707070707071
8,0.11051546712767035,0.8080808080808081
9,0.1234419133358553,0.9090909090909091
10,0.13618050578672591,1.0101010101010102
11,0.14873397446759418,1.1111111111111112
12,0.16110500969219366,1.2121212121212122
13,0.17329626267723708,1.3131313131313131
14,0.1853103461105935,1.4141414141414141
15,0.1971498347112095,1.5151515151515151
16,0.20881726578089355,1.6161616161616161
17,0.22031513974808026,1.7171717171717171
18,0.23164592070369383,1.8181818181818181
19,0.24281203692922337,1.9191919191919191
20,0.2538158814171234,2.0202020202020203
21,0.2646598123836531,2.121212121212121
22,0.2753461537742613,2.2222222222222223
23,0.2858771957616275,2.323232323232323
24,0.2962551952364656,2.4242424242424243
25,0.30648237629119357,2.525252525252525
26,0.3165609306965762,2.6262626262626263
27,0.3264930183714394,2.727272727272727
28,0.33628076784555894,2.8282828282828283
29,0.34592627671582243,2.929292929292929
30,0.3554316120957618,3.0303030303030303
31,0.36479881105855316,3.131313131313131
32,0.3740298810735787,3.2323232323232323
33,0.38312680043664415,3.3333333333333335
34,0.3920915186939443,3.4343434343434343
35,0.4009259570598671,3.5353535353535355
36,0.40963200882872564,3.6363636363636362
37,0.41821153978050796,3.7373737373737375
38,0.42666638858072814,3.8383838383838382
39,0.4349983671744688,3.9393939393939394
40,0.4432092611746956,4.040404040404041
41,0.45130083024492906,4.141414141414141
42,0.4592748084763557,4.242424242424242
43,0.4671329047594579,4.343434343434343
44,0.4748768031502435,4.444444444444445
45,0.4825081632311531,4.545454545454545
46,0.49002862046672313,4.646464646464646
47,0.49743978655407883,4.747474747474747
48,0.5047432497683348,4.848484848484849
49,0.5119405753029757,4.94949494949495
50,0.5190333056052903,5.05050505050505
51,0.5260229607069313,5.151515151515151
52,0.5329110385496698,5.252525252525253
53,0.5396990153064184,5.353535353535354
54,0.5463883456975858,5.454545454545454
55,0.5529804633028366,5.555555555555555
56,0.5594767808683192,5.656565656565657
57,0.5658786906094293,5.757575757575758
58,0.5721875645091732,5.858585858585858
59,0.5784047546121949,5.959595959595959
60,0.5845315933145315,6.0606060606060606
61,0.5905693936491563,6.161616161616162
62,0.5965194495673724,6.262626262626262
63,0.6023830362161183,6.363636363636363
64,0.608161410211242,6.4646464646464645
65,0.6138558099068041,6.565656565656566
66,0.6194674556604682,6.666666666666667
67,0.6249975500950329,6.767676767676767
68,0.630447278356165,6.8686868686868685
69,0.635817808366385,6.96969696969697
70,0.6411102910753638,7.070707070707071
71,0.64632586070658,7.171717171717171
72,0.6514656350003942,7.2727272727272725
73,0.6565307154535897,7.373737373737374
74,0.6615221875554325,7.474747474747475
75,0.6664411210203012,7.575757575757575
76,0.6712885700169353,7.6767676767676765
77,0.6760655733943528,7.777777777777778
78,0.6807731549044836,7.878787878787879
79,0.685412323421569,7.979797979797979
80,0.6899840731583716,8.080808080808081
81,0.6944893838792429,8.181818181818182
82,0.6989292211100958,8.282828282828282
83,0.7033045363453247,8.383838383838384
84,0.7076162672517182,8.484848484848484
85,0.71186533786941,8.585858585858587
86,0.716052658809907,8.686868686868687
87,0.7201791274512428,8.787878787878787
88,0.7242456281302918,8.88888888888889
89,0.7282530323322907,8.98989898989899
90,0.7322021988776051,9.09090909090909
91,0.7360939741057819,9.191919191919192
92,0.7399291920569265,9.292929292929292
93,0.7437086746504455,9.393939393939394
94,0.7474332318611902,9.494949494949495
95,0.751103661893041,9.595959595959595
96,0.75472075134997,9.696969696969697
97,0.7582852754046155,9.797979797979798
98,0.7617979979644096,9.8989898989899
99,0.7652596718352884,10.0
